100
100
100
100
100
100
100
100
100
100
100
100
100
100
100
100
100
100
100
100
100
100
100
100
100
100
100
100
100
100
100
100
100
100
100
100
100
100
100
100
100
100
100
100
100
100
100
100
100
100
100
100
100
100
100
100
100
100
100
100
100
100
100
100
100
100
100
100
100
100
100
100
100
100
100
100
100
100
100
100
100
100
100
100
100
100
100
100
100
100
100
100
100
100
100
100
100
100
100
100
100
100
100
100
100
100
100
100
100
100
100
100
100
100
100
100
100
100
100
100
100
100
100
100
100
100
100
100
100
100
100
100
100
100
100
100
100
100
100
100
100
100
100
100
100
100
100
100
100
100
100
100
100
100
100
100
100
100
100
100
100
100
100
100
100
100
100
100
100
100
100
100
100
100
100
100
100
100
100
100
395
397
400
403
405
403
400
403
405
408
410
408
410
408
405
408
405
403
400
397
400
403
405
408
410
413
410
408
405
408
405
403
400
397
395
392
390
387
385
387
390
392
390
387
385
387
385
387
385
382
380
377
375
372
370
372
370
367
365
362
365
362
360
362
360
357
360
357
355
357
355
357
355
357
360
357
355
357
360
362
365
362
365
367
365
362
365
362
365
367
365
367
365
362
365
362
360
357
355
352
350
347
350
350
347
350
352
350
352
350
347
345
342
340
337
335
332
329
332
329
332
329
327
329
327
324
327
324
327
324
322
319
317
314
312
309
312
314
312
309
307
304
302
299
297
294
292
289
287
289
292
289
292
289
292
289
287
284
287
284
287
289
287
289
287
284
282
279
282
284
287
284
282
279
277
279
282
284
282
279
277
274
277
279
282
284
287
284
282
279
277
274
274
277
274
272
269
272
274
272
269
272
269
267
264
261
264
267
269
267
269
267
267
264
261
264
267
269
272
269
272
269
267
269
267
264
261
259
256
256
259
256
254
256
259
256
254
251
254
256
259
256
256
254
251
254
251
254
256
254
251
249
246
249
246
249
246
249
246
244
246
244
246
249
251
249
246
249
251
249
246
244
241
244
241
239
241
239
241
244
241
239
236
234
231
234
231
229
226
224
221
224
226
224
221
224
221
219
221
224
226
224
226
224
221
219
221
219
216
219
221
224
221
224
221
219
216
219
221
219
221
224
221
219
221
219
221
219
216
214
216
214
216
214
216
214
214
211
214
216
214
216
219
216
219
221
219
221
219
216
214
211
209
206
209
206
204
206
209
211
214
216
219
221
224
224
226
224
221
224
221
224
226
224
226
229
226
226
229
226
224
221
219
216
219
216
214
216
219
221
224
221
224
226
229
231
234
236
239
241
244
241
244
241
239
241
244
246
249
246
244
241
239
236
239
236
234
236
234
236
234
236
234
234
231
234
231
229
226
224
226
229
226
229
226
229
226
229
231
229
226
224
221
224
226
224
221
224
224
226
224
221
224
226
229
231
234
234
231
234
236
239
236
239
236
239
241
244
246
249
249
246
244
246
249
246
249
246
244
246
249
251
249
246
244
241
244
244
241
239
236
234
236
239
236
234
236
239
236
239
241
244
241
239
236
234
236
234
236
234
231
234
231
231
229
226
229
231
234
231
229
226
229
226
224
221
224
226
224
221
219
221
224
226
229
231
229
226
224
226
224
221
224
221
224
221
224
226
229
231
234
236
239
241
244
246
249
251
249
249
246
249
251
254
256
254
251
254
251
254
256
259
261
264
261
264
267
269
272
272
274
277
274
272
269
272
274
272
269
272
274
272
269
267
264
261
259
256
254
251
249
246
244
241
239
241
239
236
239
241
239
241
244
246
244
241
244
244
246
249
246
249
251
254
256
259
261
259
261
259
256
259
256
259
256
259
256
259
261
264
267
269
272
274
277
279
277
279
282
279
277
274
277
279
277
279
282
279
277
279
277
279
277
279
282
279
277
279
277
279
282
282
279
282
284
282
284
282
282
279
282
284
287
289
287
289
292
289
292
294
297
299
297
299
302
302
299
297
294
292
289
287
289
292
294
297
299
297
294
297
299
302
304
307
304
302
299
302
299
297
294
297
299
302
304
307
309
312
312
314
317
314
317
319
322
324
327
329
332
329
327
324
327
324
327
329
327
329
332
335
332
335
337
340
342
340
337
335
332
329
327
329
332
329
327
324
322
319
319
322
324
322
319
317
319
317
319
317
314
317
319
317
319
322
324
327
324
322
324
327
324
324
327
329
332
329
327
324
322
324
322
324
322
324
322
324
327
324
327
324
327
324
327
324
327
324
322
319
317
319
317
314
312
314
312
312
314
312
314
317
319
322
324
327
329
332
335
337
340
342
345
347
350
352
355
357
360
362
365
367
370
372
375
377
380
382
385
387
390
392
395
397
400
397
400
403
400
403
400
403
405
408
405
403
405
408
410
413
415
418
420
418
415
413
410
408
405
408
408
410
413
410
408
410
413
413
410
413
410
408
405
403
405
403
400
397
395
397
395
397
395
392
390
387
385
387
385
387
385
382
380
377
375
372
370
372
375
377
380
377
375
372
370
367
365
362
360
362
360
362
360
357
360
362
360
357
355
352
350
347
345
342
342
340
342
340
342
340
342
340
337
335
337
340
342
345
347
345
342
340
337
335
332
329
332
329
332
329
332
329
327
324
322
319
317
314
317
319
317
314
312
309
307
304
302
299
297
294
297
294
292
289
287
284
282
284
282
279
277
274
274
272
269
272
274
277
274
272
269
272
274
277
279
282
279
282
284
282
279
282
284
282
284
287
284
287
284
287
284
282
284
287
284
282
284
287
289
287
284
282
284
282
279
277
279
277
274
277
279
282
284
282
279
277
279
282
284
282
284
282
284
287
284
287
284
282
282
279
277
274
277
279
282
279
282
279
282
279
277
274
272
269
272
274
277
274
272
274
272
274
272
269
272
269
272
269
272
269
267
264
267
269
267
264
261
264
267
269
272
274
272
269
267
264
264
267
269
267
269
272
274
277
279
277
279
282
284
287
284
282
282
279
282
284
282
279
277
274
277
279
282
279
277
274
272
272
269
272
274
272
274
277
274
277
279
282
279
277
274
277
274
277
279
277
274
272
272
274
272
269
267
269
267
264
261
259
261
264
267
264
267
269
267
269
272
269
267
264
261
259
256
254
256
259
256
259
256
259
256
259
261
264
267
269
272
274
272
269
272
274
277
279
282
284
282
284
287
284
287
289
292
294
292
294
297
299
297
294
297
299
297
299
299
302
304
302
304
307
309
312
314
312
309
309
312
309
307
304
307
309
312
314
312
314
312
309
307
309
312
314
317
319
322
324
327
329
327
324
327
324
322
319
322
324
327
329
327
329
332
335
337
340
342
345
342
345
347
345
342
340
342
345
347
350
352
355
357
360
362
365
367
365
367
365
362
365
362
365
367
370
372
375
372
375
377
380
377
380
380
382
380
377
380
377
380
382
380
377
375
372
372
375
372
375
372
370
367
370
367
370
372
375
377
380
377
375
372
375
372
370
367
370
370
367
370
367
370
367
370
367
365
362
360
362
360
357
360
362
360
357
355
357
355
357
360
357
360
357
360
360
357
360
357
360
357
360
362
365
362
365
367
370
372
372
375
377
380
382
385
387
385
382
380
382
385
382
385
387
390
387
390
387
390
390
392
395
397
395
397
400
403
405
408
410
408
405
403
400
397
400
397
395
397
400
403
405
403
405
408
405
408
410
413
410
408
410
413
410
413
415
418
415
413
415
418
415
418
420
423
423
420
420
423
425
423
425
428
430
428
430
433
435
433
430
428
425
428
430
433
435
438
440
443
445
448
450
453
455
458
460
463
465
468
471
473
476
478
481
483
486
488
491
493
496
498
501
503
506
508
508
511
513
516
518
521
523
526
528
531
528
526
528
531
528
531
528
526
523
526
528
531
534
536
539
541
544
546
549
551
549
551
554
551
554
551
549
551
554
556
559
561
564
566
569
571
569
571
569
566
569
571
574
576
579
576
579
581
579
581
584
586
584
586
589
591
594
596
599
596
599
602
604
607
609
612
614
617
619
622
624
627
629
627
629
632
634
637
639
642
644
647
649
652
654
657
659
662
664
667
670
672
675
677
680
682
685
687
690
692
695
697
700
702
700
697
700
702
705
707
710
712
715
712
715
717
720
722
725
727
730
732
730
732
735
738
738
735
732
730
732
735
738
735
738
740
743
740
743
745
748
750
748
745
743
745
748
745
748
750
753
750
753
755
758
760
763
765
768
770
773
775
778
780
783
785
783
785
788
790
793
795
798
801
803
806
808
806
808
808
811
808
806
806
808
806
808
811
808
811
808
811
808
811
813
811
808
806
808
811
808
806
808
811
813
816
813
811
813
816
816
818
821
823
826
823
826
828
831
833
836
838
841
843
846
843
846
848
846
848
851
853
856
858
861
863
861
863
861
863
866
869
871
874
876
874
871
874
871
874
876
879
881
884
886
889
891
894
896
899
901
904
906
909
911
914
916
919
921
924
926
924
926
929
931
934
937
939
942
944
947
949
952
954
957
959
962
964
967
969
972
969
967
969
972
974
977
979
982
984
987
984
982
984
982
984
987
984
982
984
987
984
987
989
987
989
992
989
987
984
982
979
982
979
977
974
972
974
977
974
977
979
982
979
977
979
982
979
982
979
979
982
984
987
989
992
994
997
999
997
999
997
997
994
992
994
992
989
992
989
987
989
987
989
987
987
984
982
979
977
974
972
974
972
969
967
964
962
964
962
959
962
959
962
964
962
964
964
962
959
957
959
962
964
967
969
972
969
972
974
972
974
977
974
972
969
972
969
967
964
962
959
957
954
952
949
952
949
947
944
942
939
937
939
937
934
931
929
926
924
926
929
931
929
926
929
926
924
926
929
931
934
937
939
942
944
947
949
952
954
952
949
952
954
957
959
962
959
957
959
957
954
952
949
952
949
947
944
942
939
937
934
931
929
929
929
926
929
926
924
921
919
916
914
911
909
906
904
901
901
899
901
899
896
899
896
894
891
889
891
889
886
884
881
879
876
879
881
879
876
879
876
874
871
874
871
874
871
874
871
869
866
863
861
858
861
858
856
853
851
848
846
843
846
848
851
853
851
848
846
843
841
838
836
833
831
828
826
823
821
818
816
818
821
818
816
813
811
813
811
808
806
808
806
808
806
808
811
808
806
803
801
798
795
793
790
788
785
783
780
778
775
773
770
768
765
763
760
758
760
758
755
753
750
748
745
743
740
738
735
732
730
727
725
722
720
717
715
717
715
712
715
712
710
707
705
702
700
697
695
692
690
692
690
687
685
682
682
685
687
690
687
685
682
680
680
680
677
675
672
670
667
664
662
659
657
654
657
654
652
649
647
644
642
639
642
639
642
639
637
634
632
629
627
624
622
624
622
619
617
614
612
609
607
604
602
599
596
594
591
589
586
584
581
579
576
576
574
571
569
566
564
561
559
556
554
551
549
546
544
541
539
536
534
531
528
526
523
521
518
516
513
511
508
506
508
506
503
501
498
501
503
501
503
506
503
501
498
496
493
491
493
491
488
491
488
486
483
481
483
481
478
476
473
476
473
471
468
471
468
471
468
465
463
465
463
460
458
455
453
450
448
445
443
440
438
435
433
433
430
428
425
423
420
423
420
418
415
418
415
418
415
418
415
413
410
413
410
408
405
403
405
403
400
403
403
400
397
395
392
390
387
390
387
385
382
380
377
375
377
375
372
370
367
367
365
362
365
367
370
367
365
362
360
357
357
360
362
360
357
355
357
360
357
355
352
355
357
355
352
350
347
345
342
340
337
335
332
335
335
337
335
332
329
327
329
327
329
327
324
322
324
322
319
317
319
322
322
319
317
319
322
319
317
314
312
309
307
304
302
304
302
299
297
297
299
302
304
302
299
297
294
297
299
297
299
302
299
297
299
297
294
297
294
297
299
297
294
292
289
287
284
287
289
292
289
287
289
287
289
287
289
287
284
282
279
277
279
282
284
287
289
292
289
287
289
287
289
287
284
282
279
277
274
272
269
272
269
272
269
267
269
272
269
267
264
261
259
256
254
256
259
261
259
261
259
256
259
256
259
256
259
256
254
251
251
249
251
251
254
251
249
246
244
246
244
246
244
246
244
241
244
246
249
251
254
251
249
251
254
256
259
261
259
261
264
267
269
272
274
277
274
277
274
272
269
272
269
267
264
261
259
261
259
256
259
256
259
261
264
267
269
272
274
274
277
279
282
279
282
284
282
284
287
284
282
284
282
279
277
274
272
269
267
264
267
267
264
267
264
261
264
261
259
261
259
261
264
261
259
261
259
256
259
261
259
256
259
261
259
256
254
254
251
254
251
249
246
249
246
249
251
254
251
249
251
249
246
249
246
244
241
244
246
249
251
249
251
254
251
249
251
249
246
244
241
244
241
244
241
244
241
239
239
236
234
231
229
226
224
226
229
226
224
221
224
221
224
226
224
221
219
216
214
211
214
211
214
216
219
221
224
226
224
226
229
226
224
226
224
221
219
221
219
221
219
216
219
216
214
211
209
206
204
206
209
206
209
211
209
206
209
211
211
214
211
214
211
214
216
219
221
224
226
229
226
229
231
234
236
239
241
239
241
239
241
244
246
249
251
254
256
259
261
264
261
259
261
264
261
264
267
264
267
269
267
267
264
267
264
261
259
256
254
251
249
246
244
241
239
236
239
241
244
246
249
249
251
249
251
254
251
249
251
249
251
249
251
249
251
254
251
254
256
259
261
259
256
259
256
254
256
259
261
259
256
256
254
256
259
261
264
261
264
267
269
267
264
261
259
256
259
261
264
267
269
267
264
261
264
267
269
272
274
277
274
272
274
277
279
282
279
277
279
277
274
277
274
277
279
282
284
284
287
289
287
289
287
289
292
289
287
284
282
279
282
279
277
279
282
284
282
284
287
289
292
289
292
294
297
294
297
294
297
299
302
299
302
299
302
299
302
299
302
299
297
299
302
304
302
304
302
304
302
299
302
299
302
304
307
304
307
309
312
314
312
314
317
319
322
319
317
314
312
314
314
317
314
312
309
307
304
307
304
302
299
302
304
307
309
312
309
312
314
312
314
317
314
312
314
312
314
312
314
317
314
317
314
317
314
312
312
309
312
314
312
309
307
304
302
299
297
294
297
294
297
299
302
299
302
304
302
299
302
304
302
302
299
302
304
307
309
312
312
309
312
314
317
319
322
324
327
324
327
329
327
329
332
329
327
324
327
329
332
335
332
335
337
335
337
340
342
345
347
350
352
355
357
360
362
365
367
365
362
360
357
355
357
360
357
355
352
355
355
352
350
352
355
352
350
352
355
357
355
357
360
357
355
357
360
362
365
362
365
362
365
367
370
367
370
367
365
367
365
367
365
362
365
362
365
362
360
362
365
362
360
362
365
362
365
362
360
357
355
352
350
347
350
347
350
347
345
347
350
352
350
352
355
357
360
362
365
367
370
372
375
377
380
382
385
387
390
392
395
392
395
397
395
397
395
397
400
403
400
397
400
397
395
392
395
397
400
397
395
397
395
392
390
392
392
395
392
390
392
395
392
395
392
395
397
395
392
395
392
390
387
385
382
385
382
380
377
380
377
375
372
370
367
365
362
360
362
365
362
360
362
360
357
355
352
350
347
350
347
350
347
345
342
340
337
340
342
340
342
345
342
340
342
345
347
345
347
345
342
340
342
345
342
345
342
345
342
340
337
340
340
337
335
332
329
327
329
332
335
332
329
332
335
332
329
332
329
332
329
329
327
329
327
329
332
329
327
324
322
319
317
314
317
317
319
322
324
322
324
322
319
317
314
317
319
322
319
322
319
317
314
312
309
307
309
307
304
302
299
302
304
302
304
302
299
297
299
302
299
297
299
302
304
307
309
312
309
307
309
312
314
312
314
317
319
322
324
327
329
327
324
327
324
327
324
322
324
322
319
317
314
312
314
317
314
312
314
317
314
317
317
314
312
314
317
319
319
322
324
322
324
327
324
327
324
322
319
322
319
322
319
317
314
317
314
317
314
312
314
312
309
307
304
307
304
307
304
307
309
307
304
307
304
307
304
307
309
312
309
307
304
307
304
302
299
302
304
307
309
312
314
312
314
317
314
312
314
317
319
322
324
327
329
332
335
337
340
342
345
347
350
352
355
352
355
352
355
352
355
355
357
360
362
365
362
360
357
355
352
350
347
345
347
350
350
347
345
342
340
337
335
337
335
332
329
332
335
337
340
342
345
347
350
352
355
357
360
362
365
367
370
372
375
377
380
382
380
382
385
387
385
382
380
377
380
382
382
385
382
380
382
385
387
390
387
390
392
390
392
390
392
395
397
400
397
400
397
395
392
390
392
390
387
385
387
390
387
390
392
395
397
395
397
395
397
400
400
397
395
392
390
387
390
387
385
382
380
377
380
382
380
377
375
372
375
377
380
382
380
382
385
387
390
392
395
392
390
387
385
382
385
387
390
387
385
387
390
392
390
392
390
387
390
387
387
390
392
390
392
395
392
390
392
395
397
400
403
400
403
405
403
400
403
405
408
405
408
410
408
410
413
415
418
420
423
420
