100
100
100
100
100
100
100
100
100
100
100
100
100
100
100
100
100
100
100
100
100
100
100
100
100
100
100
100
100
100
100
100
100
100
100
100
100
100
100
100
100
100
100
100
100
100
100
100
100
100
100
100
100
100
100
100
100
100
100
100
100
100
100
100
100
100
100
100
100
100
100
100
100
100
100
100
100
100
100
100
100
100
100
100
100
100
100
100
100
100
100
100
100
100
100
100
100
100
100
100
100
100
100
100
100
100
100
100
100
100
100
100
100
100
100
100
100
100
100
100
100
100
100
100
100
100
100
100
100
100
100
100
100
100
100
100
100
100
100
100
100
100
100
100
100
100
100
100
100
100
100
100
100
100
100
100
100
100
100
100
100
100
100
100
100
100
100
100
100
100
100
100
100
100
100
100
100
100
100
100
100
100
100
100
100
100
100
100
100
100
100
100
100
100
100
100
100
100
100
100
119
119
119
119
119
119
119
119
119
119
137
137
137
137
137
137
137
137
137
137
148
148
148
148
148
148
148
148
148
148
147
147
147
147
147
147
147
147
147
147
147
147
147
147
147
147
147
147
147
147
131
131
131
131
131
131
131
131
131
131
108
108
108
108
108
108
108
108
108
108
100
100
100
100
100
100
100
100
100
100
100
100
100
100
100
100
100
100
100
100
100
100
100
100
100
100
100
100
100
100
100
100
100
100
100
100
100
100
100
100
101
101
101
101
101
101
101
101
101
101
116
116
116
116
116
116
116
116
116
116
127
127
127
127
127
127
127
127
127
127
130
130
130
130
130
130
130
130
130
130
108
108
108
108
108
108
108
108
108
108
109
109
109
109
109
109
109
109
109
109
100
100
100
100
100
100
100
100
100
100
100
100
100
100
100
100
100
100
100
100
100
100
100
100
100
100
100
100
100
100
100
100
100
100
100
100
100
100
100
100
100
100
100
100
100
100
100
100
100
100
100
100
100
100
100
100
100
100
100
100
100
100
100
100
100
100
100
100
100
100
100
100
100
100
100
100
100
100
100
100
100
100
100
100
100
100
100
100
100
100
100
100
100
100
100
100
100
100
100
100
100
100
100
100
100
100
100
100
100
100
100
100
100
100
100
100
100
100
100
100
100
100
100
100
100
100
100
100
100
100
100
100
100
100
100
100
100
100
100
100
100
100
100
100
100
100
100
100
100
100
100
100
100
100
100
100
100
100
100
100
100
100
100
100
100
100
100
100
100
100
100
100
100
100
100
100
100
100
100
100
100
100
100
100
100
100
100
100
100
100
100
100
100
100
100
100
100
100
100
100
100
100
100
100
100
100
100
100
100
100
100
100
100
100
100
100
100
100
100
100
100
100
100
100
100
100
100
100
100
100
100
100
100
100
100
100
100
100
100
100
100
100
100
100
100
100
100
100
100
100
100
100
100
100
100
100
100
100
100
100
100
100
100
100
100
100
100
100
100
100
100
100
100
100
100
100
100
100
100
100
100
100
100
100
100
100
100
100
100
100
100
100
100
100
100
100
100
100
100
100
100
100
100
100
100
100
100
100
100
100
100
100
100
100
100
100
100
100
100
100
100
100
100
100
100
100
100
100
100
100
100
100
100
100
100
100
100
100
100
100
100
100
100
100
100
100
100
100
100
100
100
100
100
100
100
100
100
100
100
100
100
100
100
100
100
100
100
100
100
100
100
100
100
100
100
100
100
100
100
100
100
100
100
100
100
100
100
100
100
100
100
100
100
100
100
100
100
100
100
100
100
100
100
100
100
100
100
100
100
100
100
100
100
100
100
100
100
100
100
100
100
100
100
100
100
100
100
100
100
100
100
100
100
100
100
100
100
100
100
100
149
149
149
149
149
149
149
149
149
149
214
214
214
214
214
214
214
214
214
214
241
241
241
241
241
241
241
241
241
241
280
280
280
280
280
280
280
280
280
280
295
295
295
295
295
295
295
295
295
295
305
305
305
305
305
305
305
305
305
305
305
305
305
305
305
305
305
305
305
305
242
242
242
242
242
242
242
242
242
242
217
217
217
217
217
217
217
217
217
217
187
187
187
187
187
187
187
187
187
187
146
146
146
146
146
146
146
146
146
146
144
144
144
144
144
144
144
144
144
144
170
170
170
170
170
170
170
170
170
170
173
173
173
173
173
173
173
173
173
173
159
159
159
159
159
159
159
159
159
159
119
119
119
119
119
119
119
119
119
119
127
127
127
127
127
127
127
127
127
127
173
173
173
173
173
173
173
173
173
173
156
156
156
156
156
156
156
156
156
156
154
154
154
154
154
154
154
154
154
154
243
243
243
243
243
243
243
243
243
243
271
271
271
271
271
271
271
271
271
271
301
301
301
301
301
301
301
301
301
301
290
290
290
290
290
290
290
290
290
290
256
256
256
256
256
256
256
256
256
256
248
248
248
248
248
248
248
248
248
248
241
241
241
241
241
241
241
241
241
241
163
163
163
163
163
163
163
163
163
163
119
119
119
119
119
119
119
119
119
119
106
106
106
106
106
106
106
106
106
106
122
122
122
122
122
122
122
122
122
122
106
106
106
106
106
106
106
106
106
106
130
130
130
130
130
130
130
130
130
130
101
101
101
101
101
101
101
101
101
101
100
100
100
100
100
100
100
100
100
100
152
152
152
152
152
152
152
152
152
152
204
204
204
204
204
204
204
204
204
204
202
202
202
202
202
202
202
202
202
202
222
222
222
222
222
222
222
222
222
222
201
201
201
201
201
201
201
201
201
201
214
214
214
214
214
214
214
214
214
214
253
253
253
253
253
253
253
253
253
253
239
239
239
239
239
239
239
239
239
239
176
176
176
176
176
176
176
176
176
176
169
169
169
169
169
169
169
169
169
169
166
166
166
166
166
166
166
166
166
166
216
216
216
216
216
216
216
216
216
216
210
210
210
210
210
210
210
210
210
210
188
188
188
188
188
188
188
188
188
188
157
157
157
157
157
157
157
157
157
157
185
185
185
185
185
185
185
185
185
185
198
198
198
198
198
198
198
198
198
198
236
236
236
236
236
236
236
236
236
236
190
190
190
190
190
190
190
190
190
190
185
185
185
185
185
185
185
185
185
185
161
161
161
161
161
161
161
161
161
161
156
156
156
156
156
156
156
156
156
156
115
115
115
115
115
115
115
115
115
115
127
127
127
127
127
127
127
127
127
127
108
108
108
108
108
108
108
108
108
108
105
105
105
105
105
105
105
105
105
105
139
139
139
139
139
139
139
139
139
139
179
179
179
179
179
179
179
179
179
179
177
177
177
177
177
177
177
177
177
177
201
201
201
201
201
201
201
201
201
201
179
179
179
179
179
179
179
179
179
179
197
197
197
197
197
197
197
197
197
197
232
232
232
232
232
232
232
232
232
232
212
212
212
212
212
212
212
212
212
212
211
211
211
211
211
211
211
211
211
211
229
229
229
229
229
229
229
229
229
229
264
264
264
264
264
264
264
264
264
264
304
304
304
304
304
304
304
304
304
304
276
276
276
276
276
276
276
276
276
276
268
268
268
268
268
268
268
268
268
268
276
276
276
276
276
276
276
276
276
276
266
266
266
266
266
266
266
266
266
266
282
282
282
282
282
282
282
282
282
282
264
264
264
264
264
264
264
264
264
264
271
271
271
271
271
271
271
271
271
271
256
256
256
256
256
256
256
256
256
256
271
271
271
271
271
271
271
271
271
271
319
319
319
319
319
319
319
319
319
319
380
380
380
380
380
380
380
380
380
380
370
370
370
370
370
370
370
370
370
370
332
332
332
332
332
332
332
332
332
332
280
280
280
280
280
280
280
280
280
280
301
301
301
301
301
301
301
301
301
301
279
279
279
279
279
279
279
279
279
279
206
206
206
206
206
206
206
206
206
206
124
124
124
124
124
124
124
124
124
124
145
145
145
145
145
145
145
145
145
145
198
198
198
198
198
198
198
198
198
198
201
201
201
201
201
201
201
201
201
201
196
196
196
196
196
196
196
196
196
196
260
260
260
260
260
260
260
260
260
260
375
375
375
375
375
375
375
375
375
375
439
439
439
439
439
439
439
439
439
439
462
462
462
462
462
462
462
462
462
462
498
498
498
498
498
498
498
498
498
498
526
526
526
526
526
526
526
526
526
526
519
519
519
519
519
519
519
519
519
519
460
460
460
460
460
460
460
460
460
460
362
362
362
362
362
362
362
362
362
362
334
334
334
334
334
334
334
334
334
334
307
307
307
307
307
307
307
307
307
307
225
225
225
225
225
225
225
225
225
225
249
249
249
249
249
249
249
249
249
249
301
301
301
301
301
301
301
301
301
301
323
323
323
323
323
323
323
323
323
323
409
409
409
409
409
409
409
409
409
409
435
435
435
435
435
435
435
435
435
435
416
416
416
416
416
416
416
416
416
416
487
487
487
487
487
487
487
487
487
487
462
462
462
462
462
462
462
462
462
462
432
432
432
432
432
432
432
432
432
432
407
407
407
407
407
407
407
407
407
407
367
367
367
367
367
367
367
367
367
367
413
413
413
413
413
413
413
413
413
413
450
450
450
450
450
450
450
450
450
450
377
377
377
377
377
377
377
377
377
377
357
357
357
357
357
357
357
357
357
357
340
340
340
340
340
340
340
340
340
340
329
329
329
329
329
329
329
329
329
329
291
291
291
291
291
291
291
291
291
291
182
182
182
182
182
182
182
182
182
182
145
145
145
145
145
145
145
145
145
145
147
147
147
147
147
147
147
147
147
147
144
144
144
144
144
144
144
144
144
144
150
150
150
150
150
150
150
150
150
150
156
156
156
156
156
156
156
156
156
156
131
131
131
131
131
131
131
131
131
131
128
128
128
128
128
128
128
128
128
128
117
117
117
117
117
117
117
117
117
117
141
141
141
141
141
141
141
141
141
141
133
133
133
133
133
133
133
133
133
133
169
169
169
169
169
169
169
169
169
169
157
157
157
157
157
157
157
157
157
157
181
181
181
181
181
181
181
181
181
181
218
218
218
218
218
218
218
218
218
218
258
258
258
258
258
258
258
258
258
258
348
348
348
348
348
348
348
348
348
348
421
421
421
421
421
421
421
421
421
421
395
395
395
395
395
395
395
395
395
395
415
415
415
415
415
415
415
415
415
415
448
448
448
448
448
448
448
448
448
448
430
430
430
430
430
430
430
430
430
430
400
400
400
400
400
400
400
400
400
400
294
294
294
294
294
294
294
294
294
294
265
265
265
265
265
265
265
265
265
265
242
242
242
242
242
242
242
242
242
242
253
253
253
253
253
253
253
253
253
253
203
203
203
203
203
203
203
203
203
203
204
204
204
204
204
204
204
204
204
204
188
188
188
188
188
188
188
188
188
188
177
177
177
177
177
177
177
177
177
177
123
123
123
123
123
123
123
123
123
123
110
110
110
110
110
110
110
110
110
110
103
103
103
103
103
103
103
103
103
103
135
135
135
135
135
135
135
135
135
135
117
117
117
117
117
117
117
117
117
117
143
143
143
143
143
143
143
143
143
143
260
260
260
260
260
260
260
260
260
260
333
333
333
333
333
333
333
333
333
333
389
389
389
389
389
389
389
389
389
389
408
408
408
408
408
408
408
408
408
408
403
403
403
403
403
403
403
403
403
403
468
468
468
468
468
468
468
468
468
468
503
503
503
503
503
503
503
503
503
503
415
415
415
415
415
415
415
415
415
415
385
385
385
385
385
385
385
385
385
385
408
408
408
408
408
408
408
408
408
408
419
419
419
419
419
419
419
419
419
419
519
519
519
519
519
519
519
519
519
519
508
508
508
508
508
508
508
508
508
508
476
476
476
476
476
476
476
476
476
476
486
486
486
486
486
486
486
486
486
486
481
481
481
481
481
481
481
481
481
481
476
476
476
476
476
476
476
476
476
476
468
468
468
468
468
468
468
468
468
468
383
383
383
383
383
383
383
383
383
383
402
402
402
402
402
402
402
402
402
402
406
406
406
406
406
406
406
406
406
406
377
377
377
377
377
377
377
377
377
377
377
377
377
377
377
377
377
377
377
377
347
347
347
347
347
347
347
347
347
347
442
442
442
442
442
442
442
442
442
442
473
473
473
473
473
473
473
473
473
473
449
449
449
449
449
449
449
449
449
449
549
549
549
549
549
549
549
549
549
549
575
575
575
575
575
575
575
575
575
575
592
592
592
592
592
592
592
592
592
592
586
586
586
586
586
586
586
586
586
586
521
521
521
521
521
521
521
521
521
521
484
484
484
484
484
484
484
484
484
484
547
547
547
547
547
547
547
547
547
547
433
433
433
433
433
433
433
433
433
433
444
444
444
444
444
444
444
444
444
444
424
424
424
424
424
424
424
424
424
424
411
411
411
411
411
411
411
411
411
411
357
357
357
357
357
357
357
357
357
357
359
359
359
359
359
359
359
359
359
359
301
301
301
301
301
301
301
301
301
301
332
332
332
332
332
332
332
332
332
332
345
345
345
345
345
345
345
345
345
345
345
345
345
345
345
345
345
345
345
345
341
341
341
341
341
341
341
341
341
341
370
370
370
370
370
370
370
370
370
370
413
413
413
413
413
413
413
413
413
413
402
402
402
402
402
402
402
402
402
402
341
341
341
341
341
341
341
341
341
341
324
324
324
324
324
324
324
324
324
324
313
313
313
313
313
313
313
313
313
313
291
291
291
291
291
291
291
291
291
291
231
231
231
231
231
231
231
231
231
231
200
200
200
200
200
200
200
200
200
200
155
155
155
155
155
155
155
155
155
155
177
177
177
177
177
177
177
177
177
177
226
226
226
226
226
226
226
226
226
226
227
227
227
227
227
227
227
227
227
227
279
279
279
279
279
279
279
279
279
279
363
363
363
363
363
363
363
363
363
363
379
379
379
379
379
379
379
379
379
379
445
445
445
445
445
445
445
445
445
445
593
593
593
593
593
593
593
593
593
593
620
620
620
620
620
620
620
620
620
620
782
782
782
782
782
782
782
782
782
782
821
821
821
821
821
821
821
821
821
821
790
790
790
790
790
790
790
790
790
790
758
758
758
758
758
758
758
758
758
758
735
735
735
735
735
735
735
735
735
735
640
640
640
640
640
640
640
640
640
640
585
585
585
585
585
585
585
585
585
585
462
462
462
462
462
462
462
462
462
462
494
494
494
494
494
494
494
494
494
494
575
575
575
575
575
575
575
575
575
575
584
584
584
584
584
584
584
584
584
584
658
658
658
658
658
658
658
658
658
658
684
684
684
684
684
684
684
684
684
684
700
700
700
700
700
700
700
700
700
700
656
656
656
656
656
656
656
656
656
656
574
574
574
574
574
574
574
574
574
574
535
535
535
535
535
535
535
535
535
535
680
680
680
680
680
680
680
680
680
680
609
609
609
609
609
609
609
609
609
609
527
527
527
527
527
527
527
527
527
527
487
487
487
487
487
487
487
487
487
487
532
532
532
532
532
532
532
532
532
532
550
550
550
550
550
550
550
550
550
550
516
516
516
516
516
516
516
516
516
516
360
360
360
360
360
360
360
360
360
360
345
345
345
345
345
345
345
345
345
345
353
353
353
353
353
353
353
353
353
353
345
345
345
345
345
345
345
345
345
345
315
315
315
315
315
315
315
315
315
315
301
301
301
301
301
301
301
301
301
301
260
260
260
260
260
260
260
260
260
260
263
263
263
263
263
263
263
263
263
263
299
299
299
299
299
299
299
299
299
299
339
339
339
339
339
339
339
339
339
339
336
336
336
336
336
336
336
336
336
336
343
343
343
343
343
343
343
343
343
343
331
331
331
331
331
331
331
331
331
331
370
370
370
370
370
370
370
370
370
370
395
395
395
395
395
395
395
395
395
395
478
478
478
478
478
478
478
478
478
478
487
487
487
487
487
487
487
487
487
487
595
595
595
595
595
595
595
595
595
595
651
651
651
651
651
651
651
651
651
651
734
734
734
734
734
734
734
734
734
734
758
758
758
758
758
758
758
758
758
758
740
740
740
740
740
740
740
740
740
740
718
718
718
718
718
718
718
718
718
718
741
741
741
741
741
741
741
741
741
741
656
656
656
656
656
656
656
656
656
656
604
604
604
604
604
604
604
604
604
604
629
629
629
629
629
629
629
629
629
629
563
563
563
563
563
563
563
563
563
563
581
581
581
581
581
581
581
581
581
581
500
500
500
500
500
500
500
500
500
500
487
487
487
487
487
487
487
487
487
487
487
487
487
487
487
487
487
487
487
487
484
484
484
484
484
484
484
484
484
484
443
443
443
443
443
443
443
443
443
443
489
489
489
489
489
489
489
489
489
489
459
459
459
459
459
459
459
459
459
459
423
423
423
423
423
423
423
423
423
423
422
422
422
422
422
422
422
422
422
422
431
431
431
431
431
431
431
431
431
431
396
396
396
396
396
396
396
396
396
396
317
317
317
317
317
317
317
317
317
317
320
320
320
320
320
320
320
320
320
320
324
324
324
324
324
324
324
324
324
324
316
316
316
316
316
316
316
316
316
316
242
242
242
242
242
242
242
242
242
242
211
211
211
211
211
211
211
211
211
211
231
231
231
231
231
231
231
231
231
231
300
300
300
300
300
300
300
300
300
300
277
277
277
277
277
277
277
277
277
277
252
252
252
252
252
252
252
252
252
252
294
294
294
294
294
294
294
294
294
294
299
299
299
299
299
299
299
299
299
299
304
304
304
304
304
304
304
304
304
304
347
347
347
347
347
347
347
347
347
347
297
297
297
297
297
297
297
297
297
297
313
313
313
313
313
313
313
313
313
313
321
321
321
321
321
321
321
321
321
321
285
285
285
285
285
285
285
285
285
285
289
289
289
289
289
289
289
289
289
289
246
246
246
246
246
246
246
246
246
246
175
175
175
175
175
175
175
175
175
175
168
168
168
168
168
168
168
168
168
168
176
176
176
176
176
176
176
176
176
176
212
212
212
212
212
212
212
212
212
212
290
290
290
290
290
290
290
290
290
290
309
309
309
309
309
309
309
309
309
309
341
341
341
341
341
341
341
341
341
341
410
410
410
410
410
410
410
410
410
410
403
403
403
403
403
403
403
403
403
403
354
354
354
354
354
354
354
354
354
354
319
319
319
319
319
319
319
319
319
319
259
259
259
259
259
259
259
259
259
259
237
237
237
237
237
237
237
237
237
237
225
225
225
225
225
225
225
225
225
225
245
245
245
245
245
245
245
245
245
245
288
288
288
288
288
288
288
288
288
288
324
324
324
324
324
324
324
324
324
324
375
375
375
375
375
375
375
375
375
375
390
390
390
390
390
390
390
390
390
390
428
428
428
428
428
428
428
428
428
428
570
570
570
570
570
570
570
570
570
570
566
566
566
566
566
566
566
566
566
566
625
625
625
625
625
625
625
625
625
625
594
594
594
594
594
594
594
594
594
594
568
568
568
568
568
568
568
568
568
568
566
566
566
566
566
566
566
566
566
566
544
544
544
544
544
544
544
544
544
544
472
472
472
472
472
472
472
472
472
472
495
495
495
495
495
495
495
495
495
495
403
403
403
403
403
403
403
403
403
403
495
495
495
495
495
495
495
495
495
495
449
449
449
449
449
449
449
449
449
449
422
422
422
422
422
422
422
422
422
422
386
386
386
386
386
386
386
386
386
386
336
336
336
336
336
336
336
336
336
336
258
258
258
258
258
258
258
258
258
258
258
258
258
258
258
258
258
258
258
258
232
232
232
232
232
232
232
232
232
232
309
309
309
309
309
309
309
309
309
309
337
337
337
337
337
337
337
337
337
337
418
418
418
418
418
418
418
418
418
418
421
421
421
421
421
421
421
421
421
421
431
431
431
431
431
431
431
431
431
431
446
446
446
446
446
446
446
446
446
446
376
376
376
376
376
376
376
376
376
376
318
318
318
318
318
318
318
318
318
318
299
299
299
299
299
299
299
299
299
299
243
243
243
243
243
243
243
243
243
243
237
237
237
237
237
237
237
237
237
237
214
214
214
214
214
214
214
214
214
214
205
205
205
205
205
205
205
205
205
205
197
197
197
197
197
197
197
197
197
197
226
226
226
226
226
226
226
226
226
226
234
234
234
234
234
234
234
234
234
234
246
246
246
246
246
246
246
246
246
246
212
212
212
212
212
212
212
212
212
212
206
206
206
206
206
206
206
206
206
206
191
191
191
191
191
191
191
191
191
191
189
189
189
189
189
189
189
189
189
189
163
163
163
163
163
163
163
163
163
163
157
157
157
157
157
157
157
157
157
157
174
174
174
174
174
174
174
174
174
174
214
214
214
214
214
214
214
214
214
214
243
243
243
243
243
243
243
243
243
243
225
225
225
225
225
225
225
225
225
225
263
263
263
263
263
263
263
263
263
263
239
239
239
239
239
239
239
239
239
239
251
251
251
251
251
251
251
251
251
251
228
228
228
228
228
228
228
228
228
228
223
223
223
223
223
223
223
223
223
223
268
268
268
268
268
268
268
268
268
268
382
382
382
382
382
382
382
382
382
382
484
484
484
484
484
484
484
484
484
484
529
529
529
529
529
529
529
529
529
529
513
513
513
513
513
513
513
513
513
513
563
563
563
563
563
563
563
563
563
563
563
563
563
563
563
563
563
563
563
563
517
517
517
517
517
517
517
517
517
517
437
437
437
437
437
437
437
437
437
437
351
351
351
351
351
351
351
351
351
351
345
345
345
345
345
345
345
345
345
345
339
339
339
339
339
339
339
339
339
339
285
285
285
285
285
285
285
285
285
285
263
263
263
263
263
263
263
263
263
263
287
287
287
287
287
287
287
287
287
287
293
293
293
293
293
293
293
293
293
293
262
262
262
262
262
262
262
262
262
262
253
253
253
253
253
253
253
253
253
253
250
250
250
250
250
250
250
250
250
250
259
259
259
259
259
259
259
259
259
259
276
276
276
276
276
276
276
276
276
276
237
237
237
237
237
237
237
237
237
237
250
250
250
250
250
250
250
250
250
250
286
286
286
286
286
286
286
286
286
286
290
290
290
290
290
290
290
290
290
290
309
309
309
309
309
309
309
309
309
309
406
406
406
406
406
406
406
406
406
406
439
439
439
439
439
439
439
439
439
439
433
433
433
433
433
433
433
433
433
433
394
394
394
394
394
394
394
394
394
394
369
369
369
369
369
369
369
369
369
369
433
433
433
433
433
433
433
433
433
433
442
442
442
442
442
442
442
442
442
442
379
379
379
379
379
379
379
379
379
379
341
341
341
341
341
341
341
341
341
341
340
340
340
340
340
340
340
340
340
340
387
387
387
387
387
387
387
387
387
387
391
391
391
391
391
391
391
391
391
391
329
329
329
329
329
329
329
329
329
329
332
332
332
332
332
332
332
332
332
332
331
331
331
331
331
331
331
331
331
331
370
370
370
370
370
370
370
370
370
370
404
404
404
404
404
404
404
404
404
404
420
420
420
420
420
420
420
420
420
420
438
438
438
438
438
438
438
438
438
438
468
468
468
468
468
468
468
468
468
468
456
456
456
456
456
456
456
456
456
456
448
448
448
448
448
448
448
448
448
448
398
398
398
398
398
398
398
398
398
398
372
372
372
372
372
372
372
372
372
372
331
331
331
331
331
331
331
331
331
331
295
295
295
295
295
295
295
295
295
295
256
256
256
256
256
256
256
256
256
256
239
239
239
239
239
239
239
239
239
239
213
213
213
213
213
213
213
213
213
213
208
208
208
208
208
208
208
208
208
208
191
191
191
191
191
191
191
191
191
191
202
202
202
202
202
202
202
202
202
202
215
215
215
215
215
215
215
215
215
215
233
233
233
233
233
233
233
233
233
233
280
280
280
280
280
280
280
280
280
280
261
261
261
261
261
261
261
261
261
261
268
268
268
268
268
268
268
268
268
268
261
261
261
261
261
261
261
261
261
261
232
232
232
232
232
232
232
232
232
232
198
198
198
198
198
198
198
198
198
198
158
158
158
158
158
158
158
158
158
158
117
117
117
117
117
117
117
117
117
117
126
126
126
126
126
126
126
126
126
126
117
117
117
117
117
117
117
117
117
117
142
142
142
142
142
142
142
142
142
142
157
157
157
157
157
157
157
157
157
157
177
177
177
177
177
177
177
177
177
177
199
199
199
199
199
199
199
199
199
199
215
215
215
215
215
215
215
215
215
215
217
217
217
217
217
217
217
217
217
217
210
210
210
210
210
210
210
210
210
210
218
218
218
218
218
218
218
218
218
218
215
215
215
215
215
215
215
215
215
215
326
326
326
326
326
326
326
326
326
326
321
321
321
321
321
321
321
321
321
321
328
328
328
328
328
328
328
328
328
328
316
316
316
316
316
316
316
316
316
316
350
350
350
350
350
350
350
350
350
350
318
318
318
318
318
318
318
318
318
318
355
355
355
355
355
355
355
355
355
355
323
323
323
323
323
323
323
323
323
323
357
357
357
357
357
357
357
357
357
357
391
391
391
391
391
391
391
391
391
391
416
416
416
416
416
416
416
416
416
416
414
414
414
414
414
414
414
414
414
414
482
482
482
482
482
482
482
482
482
482
502
502
502
502
502
502
502
502
502
502
459
459
459
459
459
459
459
459
459
459
421
421
421
421
421
421
421
421
421
421
388
388
388
388
388
388
388
388
388
388
434
434
434
434
434
434
434
434
434
434
418
418
418
418
418
418
418
418
418
418
419
419
419
419
419
419
419
419
419
419
432
432
432
432
432
432
432
432
432
432
501
501
501
501
501
501
501
501
501
501
528
528
528
528
528
528
528
528
528
528
532
532
532
532
532
532
532
532
532
532
567
567
567
567
567
567
567
567
567
567
637
637
637
637
637
637
637
637
637
637
634
634
634
634
634
634
634
634
634
634
571
571
571
571
571
571
571
571
571
571
523
523
523
523
523
523
523
523
523
523
599
599
599
599
599
599
599
599
599
599
643
643
643
643
643
643
643
643
643
643
525
525
525
525
525
525
525
525
525
525
534
534
534
534
534
534
534
534
534
534
491
491
491
491
491
491
491
491
491
491
506
506
506
506
506
506
506
506
506
506
430
430
430
430
430
430
430
430
430
430
322
322
322
322
322
322
322
322
322
322
237
237
237
237
237
237
237
237
237
237
249
249
249
249
249
249
249
249
249
249
179
179
179
179
179
179
179
179
179
179
178
178
178
178
178
178
178
178
178
178
138
138
138
138
138
138
138
138
138
138
125
125
125
125
125
125
125
125
125
125
128
128
128
128
128
128
128
128
128
128
133
133
133
133
133
133
133
133
133
133
158
158
158
158
158
158
158
158
158
158
150
150
150
150
150
150
150
150
150
150
157
157
157
157
157
157
157
157
157
157
151
151
151
151
151
151
151
151
151
151
174
174
174
174
174
174
174
174
174
174
247
247
247
247
247
247
247
247
247
247
261
261
261
261
261
261
261
261
261
261
267
267
267
267
267
267
267
267
267
267
283
283
283
283
283
283
283
283
283
283
285
285
285
285
285
285
285
285
285
285
335
335
335
335
335
335
335
335
335
335
332
332
332
332
332
332
332
332
332
332
304
304
304
304
304
304
304
304
304
304
332
332
332
332
332
332
332
332
332
332
315
315
315
315
315
315
315
315
315
315
321
321
321
321
321
321
321
321
321
321
323
323
323
323
323
323
323
323
323
323
305
305
305
305
305
305
305
305
305
305
351
351
351
351
351
351
351
351
351
351
327
327
327
327
327
327
327
327
327
327
303
303
303
303
303
303
303
303
303
303
343
343
343
343
343
343
343
343
343
343
347
347
347
347
347
347
347
347
347
347
377
377
377
377
377
377
377
377
377
377
364
364
364
364
364
364
364
364
364
364
347
347
347
347
347
347
347
347
347
347
352
352
352
352
352
352
352
352
352
352
391
391
391
391
391
391
391
391
391
391
354
354
354
354
354
354
354
354
354
354
387
387
387
387
387
387
387
387
387
387
407
407
407
407
407
407
407
407
407
407
447
447
447
447
447
447
447
447
447
447
447
447
447
447
447
447
447
447
447
447
462
462
462
462
462
462
462
462
462
462
440
440
440
440
440
440
440
440
440
440
481
481
481
481
481
481
481
481
481
481
475
475
475
475
475
475
475
475
475
475
417
417
417
417
417
417
417
417
417
417
362
362
362
362
362
362
362
362
362
362
332
332
332
332
332
332
332
332
332
332
303
303
303
303
303
303
303
303
303
303
269
269
269
269
269
269
269
269
269
269
228
228
228
228
228
228
228
228
228
228
222
222
222
222
222
222
222
222
222
222
278
278
278
278
278
278
278
278
278
278
304
304
304
304
304
304
304
304
304
304
299
299
299
299
299
299
299
299
299
299
283
283
283
283
283
283
283
283
283
283
290
290
290
290
290
290
290
290
290
290
420
420
420
420
420
420
420
420
420
420
379
379
379
379
379
379
379
379
379
379
320
320
320
320
320
320
320
320
320
320
333
333
333
333
333
333
333
333
333
333
408
408
408
408
408
408
408
408
408
408
480
480
480
480
480
480
480
480
480
480
516
516
516
516
516
516
516
516
516
516
401
401
401
401
401
401
401
401
401
401
451
451
451
451
451
451
451
451
451
451
441
441
441
441
441
441
441
441
441
441
410
410
410
410
410
410
410
410
410
410
370
370
370
370
370
370
370
370
370
370
388
388
388
388
388
388
388
388
388
388
527
527
527
527
527
527
527
527
527
527
570
570
570
570
570
570
570
570
570
570
536
536
536
536
536
536
536
536
536
536
554
554
554
554
554
554
554
554
554
554
584
584
584
584
584
584
584
584
584
584
535
535
535
535
535
535
535
535
535
535
514
514
514
514
514
514
514
514
514
514
386
386
386
386
386
386
386
386
386
386
377
377
377
377
377
377
377
377
377
377
410
410
410
410
410
410
410
410
410
410
481
481
481
481
481
481
481
481
481
481
478
478
478
478
478
478
478
478
478
478
547
547
547
547
547
547
547
547
547
547
511
511
511
511
511
511
511
511
511
511
500
500
500
500
500
500
500
500
500
500
450
450
450
450
450
450
450
450
450
450
419
419
419
419
419
419
419
419
419
419
376
376
376
376
376
376
376
376
376
376
370
370
370
370
370
370
370
370
370
370
345
345
345
345
345
345
345
345
345
345
373
373
373
373
373
373
373
373
373
373
340
340
340
340
340
340
340
340
340
340
353
353
353
353
353
353
353
353
353
353
337
337
337
337
337
337
337
337
337
337
320
320
320
320
320
320
320
320
320
320
328
328
328
328
328
328
328
328
328
328
333
333
333
333
333
333
333
333
333
333
362
362
362
362
362
362
362
362
362
362
373
373
373
373
373
373
373
373
373
373
387
387
387
387
387
387
387
387
387
387
451
451
451
451
451
451
451
451
451
451
425
425
425
425
425
425
425
425
425
425
454
454
454
454
454
454
454
454
454
454
501
501
501
501
501
501
501
501
501
501
574
574
574
574
574
574
574
574
574
574
603
603
603
603
603
603
603
603
603
603
582
582
582
582
582
582
582
582
582
582
583
583
583
583
583
583
583
583
583
583
653
653
653
653
653
653
653
653
653
653
621
621
621
621
621
621
621
621
621
621
558
558
558
558
558
558
558
558
558
558
451
451
451
451
451
451
451
451
451
451
458
458
458
458
458
458
458
458
458
458
475
475
475
475
475
475
475
475
475
475
416
416
416
416
416
416
416
416
416
416
362
362
362
362
362
362
362
362
362
362
331
331
331
331
331
331
331
331
331
331
340
340
340
340
340
340
340
340
340
340
339
339
339
339
339
339
339
339
339
339
348
348
348
348
348
348
348
348
348
348
353
353
353
353
353
353
353
353
353
353
405
405
405
405
405
405
405
405
405
405
489
489
489
489
489
489
489
489
489
489
607
607
607
607
607
607
607
607
607
607
681
681
681
681
681
681
681
681
681
681
705
705
705
705
705
705
705
705
705
705
722
722
722
722
722
722
722
722
722
722
741
741
741
741
741
741
741
741
741
741
771
771
771
771
771
771
771
771
771
771
688
688
688
688
688
688
688
688
688
688
570
570
570
570
570
570
570
570
570
570
514
514
514
514
514
514
514
514
514
514
488
488
488
488
488
488
488
488
488
488
421
421
421
421
421
421
421
421
421
421
417
417
417
417
417
417
417
417
417
417
419
419
419
419
419
419
419
419
419
419
434
434
434
434
434
434
434
434
434
434
498
498
498
498
498
498
498
498
498
498
484
484
484
484
484
484
484
484
484
484
479
479
479
479
479
479
479
479
479
479
499
499
499
499
499
499
499
499
499
499
484
484
484
484
484
484
484
484
484
484
410
410
410
410
410
410
410
410
410
410
498
498
498
498
498
498
498
498
498
498
465
465
465
465
465
465
465
465
465
465
496
496
496
496
496
496
496
496
496
496
505
505
505
505
505
505
505
505
505
505
505
505
505
505
505
505
505
505
505
505
512
512
512
512
512
512
512
512
512
512
579
579
579
579
579
579
579
579
579
579
677
677
677
677
677
677
677
677
677
677
716
716
716
716
716
716
716
716
716
716
691
691
691
691
691
691
691
691
691
691
677
677
677
677
677
677
677
677
677
677
707
707
707
707
707
707
707
707
707
707
706
706
706
706
706
706
706
706
706
706
722
722
722
722
722
722
722
722
722
722
579
579
579
579
579
579
579
579
579
579
625
625
625
625
625
625
625
625
625
625
661
661
661
661
661
661
661
661
661
661
706
706
706
706
706
706
706
706
706
706
741
741
741
741
741
741
741
741
741
741
739
739
739
739
739
739
739
739
739
739
670
670
670
670
670
670
670
670
670
670
620
620
620
620
620
620
620
620
620
620
533
533
533
533
533
533
533
533
533
533
511
511
511
511
511
511
511
511
511
511
474
474
474
474
474
474
474
474
474
474
458
458
458
458
458
458
458
458
458
458
446
446
446
446
446
446
446
446
446
446
460
460
460
460
460
460
460
460
460
460
523
523
523
523
523
523
523
523
523
523
646
646
646
646
646
646
646
646
646
646
664
664
664
664
664
664
664
664
664
664
686
686
686
686
686
686
686
686
686
686
660
660
660
660
660
660
660
660
660
660
706
706
706
706
706
706
706
706
706
706
714
714
714
714
714
714
714
714
714
714
630
630
630
630
630
630
630
630
630
630
495
495
495
495
495
495
495
495
495
495
451
451
451
451
451
451
451
451
451
451
391
391
391
391
391
391
391
391
391
391
439
439
439
439
439
439
439
439
439
439
413
413
413
413
413
413
413
413
413
413
485
485
485
485
485
485
485
485
485
485
603
603
603
603
603
603
603
603
603
603
705
705
705
705
705
705
705
705
705
705
859
859
859
859
859
859
859
859
859
859
1000
1000
1000
1000
1000
1000
1000
1000
1000
1000
956
956
956
956
956
956
956
956
956
956
962
962
962
962
962
962
962
962
962
962
859
859
859
859
859
859
859
859
859
859
838
838
838
838
838
838
838
838
838
838
905
905
905
905
905
905
905
905
905
905
782
782
782
782
782
782
782
782
782
782
656
656
656
656
656
656
656
656
656
656
647
647
647
647
647
647
647
647
647
647
624
624
624
624
624
624
624
624
624
624
669
669
669
669
669
669
669
669
669
669
623
623
623
623
623
623
623
623
623
623
436
436
436
436
436
436
436
436
436
436
410
410
410
410
410
410
410
410
410
410
447
447
447
447
447
447
447
447
447
447
402
402
402
402
402
402
402
402
402
402
457
457
457
457
457
457
457
457
457
457
443
443
443
443
443
443
443
443
443
443
465
465
465
465
465
465
465
465
465
465
508
508
508
508
508
508
508
508
508
508
519
519
519
519
519
519
519
519
519
519
524
524
524
524
524
524
524
524
524
524
596
596
596
596
596
596
596
596
596
596
595
595
595
595
595
595
595
595
595
595
658
658
658
658
658
658
658
658
658
658
681
681
681
681
681
681
681
681
681
681
742
742
742
742
742
742
742
742
742
742
747
747
747
747
747
747
747
747
747
747
834
834
834
834
834
834
834
834
834
834
939
939
939
939
939
939
939
939
939
939
996
996
996
996
996
996
996
996
996
996
935
935
935
935
935
935
935
935
935
935
888
888
888
888
888
888
888
888
888
888
858
858
858
858
858
858
858
858
858
858
893
893
893
893
893
893
893
893
893
893
810
810
810
810
810
810
810
810
810
810
780
780
780
780
780
780
780
780
780
780
698
698
698
698
698
698
698
698
698
698
710
710
710
710
710
710
710
710
710
710
907
907
907
907
907
907
907
907
907
907
959
959
959
959
959
959
959
959
959
959
879
879
879
879
879
879
879
879
879
879
848
848
848
848
848
848
848
848
848
848
833
833
833
833
833
833
833
833
833
833
853
853
853
853
853
853
853
853
853
853
834
834
834
834
834
834
834
834
834
834
650
650
650
650
650
650
650
650
650
650
582
582
582
582
582
582
582
582
582
582
625
625
625
625
625
625
625
625
625
625
778
778
778
778
778
778
778
778
778
778
707
707
707
707
707
707
707
707
707
707
668
668
668
668
668
668
668
668
668
668
640
640
640
640
640
640
640
640
640
640
624
624
624
624
624
624
624
624
624
624
664
664
664
664
664
664
664
664
664
664
629
629
629
629
629
629
629
629
629
629
439
439
439
439
439
439
439
439
439
439
381
381
381
381
381
381
381
381
381
381
408
408
408
408
408
408
408
408
408
408
377
377
377
377
377
377
377
377
377
377
399
399
399
399
399
399
399
399
399
399
323
323
323
323
323
323
323
323
323
323
429
429
429
429
429
429
429
429
429
429
440
440
440
440
440
440
440
440
440
440
474
474
474
474
474
474
474
474
474
474
402
402
402
402
402
402
402
402
402
402
452
452
452
452
452
452
452
452
452
452
395
395
395
395
395
395
395
395
395
395
404
404
404
404
404
404
404
404
404
404
325
325
325
325
325
325
325
325
325
325
359
359
359
359
359
359
359
359
359
359
369
369
369
369
369
369
369
369
369
369
441
441
441
441
441
441
441
441
441
441
433
433
433
433
433
433
433
433
433
433
453
453
453
453
453
453
453
453
453
453
431
431
431
431
431
431
431
431
431
431
399
399
399
399
399
399
399
399
399
399
357
357
357
357
357
357
357
357
357
357
386
386
386
386
386
386
386
386
386
386
360
360
360
360
360
360
360
360
360
360
435
435
435
435
435
435
435
435
435
435
522
522
522
522
522
522
522
522
522
522
612
612
612
612
612
612
612
612
612
612
785
785
785
785
785
785
785
785
785
785
869
869
869
869
869
869
869
869
869
869
832
832
832
832
832
832
832
832
832
832
814
814
814
814
814
814
814
814
814
814
722
722
722
722
722
722
722
722
722
722
646
646
646
646
646
646
646
646
646
646
556
556
556
556
556
556
556
556
556
556
454
454
454
454
454
454
454
454
454
454
415
415
415
415
415
415
415
415
415
415
440
440
440
440
440
440
440
440
440
440
510
510
510
510
510
510
510
510
510
510
535
535
535
535
535
535
535
535
535
535
546
546
546
546
546
546
546
546
546
546
558
558
558
558
558
558
558
558
558
558
511
511
511
511
511
511
511
511
511
511
464
464
464
464
464
464
464
464
464
464
381
381
381
381
381
381
381
381
381
381
326
326
326
326
326
326
326
326
326
326
274
274
274
274
274
274
274
274
274
274
301
301
301
301
301
301
301
301
301
301
362
362
362
362
362
362
362
362
362
362
388
388
388
388
388
388
388
388
388
388
428
428
428
428
428
428
428
428
428
428
465
465
465
465
465
465
465
465
465
465
469
469
469
469
469
469
469
469
469
469
526
526
526
526
526
526
526
526
526
526
553
553
553
553
553
553
553
553
553
553
551
551
551
551
551
551
551
551
551
551
492
492
492
492
492
492
492
492
492
492
477
477
477
477
477
477
477
477
477
477
568
568
568
568
568
568
568
568
568
568
571
571
571
571
571
571
571
571
571
571
680
680
680
680
680
680
680
680
680
680
681
681
681
681
681
681
681
681
681
681
712
712
712
712
712
712
712
712
712
712
799
799
799
799
799
799
799
799
799
799
791
791
791
791
791
791
791
791
791
791
726
726
726
726
726
726
726
726
726
726
704
704
704
704
704
704
704
704
704
704
570
570
570
570
570
570
570
570
570
570
462
462
462
462
462
462
462
462
462
462
379
379
379
379
379
379
379
379
379
379
438
438
438
438
438
438
438
438
438
438
487
487
487
487
487
487
487
487
487
487
527
527
527
527
527
527
527
527
527
527
542
542
542
542
542
542
542
542
542
542
523
523
523
523
523
523
523
523
523
523
561
561
561
561
561
561
561
561
561
561
608
608
608
608
608
608
608
608
608
608
530
530
530
530
530
530
530
530
530
530
471
471
471
471
471
471
471
471
471
471
452
452
452
452
452
452
452
452
452
452
521
521
521
521
521
521
521
521
521
521
547
547
547
547
547
547
547
547
547
547
619
619
619
619
619
619
619
619
619
619
654
654
654
654
654
654
654
654
654
654
666
666
666
666
666
666
666
666
666
666
668
668
668
668
668
668
668
668
668
668
699
699
699
699
699
699
699
699
699
699
769
769
769
769
769
769
769
769
769
769
818
818
818
818
818
818
818
818
818
818
785
785
785
785
785
785
785
785
785
785
749
749
749
749
749
749
749
749
749
749
694
694
694
694
694
694
694
694
694
694
702
702
702
702
702
702
702
702
702
702
616
616
616
616
616
616
616
616
616
616
483
483
483
483
483
483
483
483
483
483
475
475
475
475
475
475
475
475
475
475
459
459
459
459
459
459
459
459
459
459
426
426
426
426
426
426
426
426
426
426
454
454
454
454
454
454
454
454
454
454
484
484
484
484
484
484
484
484
484
484
592
592
592
592
592
592
592
592
592
592
567
567
567
567
567
567
567
567
567
567
533
533
533
533
533
533
533
533
533
533
533
533
533
533
533
533
533
533
533
533
547
547
547
547
547
547
547
547
547
547
589
589
589
589
589
589
589
589
589
589
579
579
579
579
579
579
579
579
579
579
508
508
508
508
508
508
508
508
508
508
557
557
557
557
557
557
557
557
557
557
554
554
554
554
554
554
554
554
554
554
530
530
530
530
530
530
530
530
530
530
531
531
531
531
531
531
531
531
531
531
470
470
470
470
470
470
470
470
470
470
509
509
509
509
509
509
509
509
509
509
568
568
568
568
568
568
568
568
568
568
559
559
559
559
559
559
559
559
559
559
614
614
614
614
614
614
614
614
614
614
610
610
610
610
610
610
610
610
610
610
604
604
604
604
604
604
604
604
604
604
668
668
668
668
668
668
668
668
668
668
670
670
670
670
670
670
670
670
670
670
602
602
602
602
602
602
602
602
602
602
592
592
592
592
592
592
592
592
592
592
533
533
533
533
533
533
533
533
533
533
559
559
559
559
559
559
559
559
559
559
559
559
559
559
559
559
559
559
559
559
550
550
550
550
550
550
550
550
550
550
538
538
538
538
538
538
538
538
538
538
522
522
522
522
522
522
522
522
522
522
506
506
506
506
506
506
506
506
506
506
533
533
533
533
533
533
533
533
533
533
528
528
528
528
528
528
528
528
528
528
512
512
512
512
512
512
512
512
512
512
460
460
460
460
460
460
460
460
460
460
389
389
389
389
389
389
389
389
389
389
352
352
352
352
352
352
352
352
352
352
294
294
294
294
294
294
294
294
294
294
240
240
240
240
240
240
240
240
240
240
203
203
203
203
203
203
203
203
203
203
286
286
286
286
286
286
286
286
286
286
266
266
266
266
266
266
266
266
266
266
277
277
277
277
277
277
277
277
277
277
319
319
319
319
319
319
319
319
319
319
348
348
348
348
348
348
348
348
348
348
410
410
410
410
410
410
410
410
410
410
459
459
459
459
459
459
459
459
459
459
358
358
358
358
358
358
358
358
358
358
415
415
415
415
415
415
415
415
415
415
449
449
449
449
449
449
449
449
449
449
449
449
449
449
449
449
449
449
449
449
454
454
454
454
454
454
454
454
454
454
415
415
415
415
415
415
415
415
415
415
388
388
388
388
388
388
388
388
388
388
391
391
391
391
391
391
391
391
391
391
340
340
340
340
340
340
340
340
340
340
355
355
355
355
355
355
355
355
355
355
350
350
350
350
350
350
350
350
350
350
341
341
341
341
341
341
341
341
341
341
381
381
381
381
381
381
381
381
381
381
357
357
357
357
357
357
357
357
357
357
363
363
363
363
363
363
363
363
363
363
399
399
399
399
399
399
399
399
399
399
350
350
350
350
350
350
350
350
350
350
328
328
328
328
328
328
328
328
328
328
369
369
369
369
369
369
369
369
369
369
359
359
359
359
359
359
359
359
359
359
407
407
407
407
407
407
407
407
407
407
479
479
479
479
479
479
479
479
479
479
440
440
440
440
440
440
440
440
440
440
507
507
507
507
507
507
507
507
507
507
575
575
575
575
575
575
575
575
575
575
602
602
602
602
602
602
602
602
602
602
577
577
577
577
577
577
577
577
577
577
599
599
599
599
599
599
599
599
599
599
551
551
551
551
551
551
551
551
551
551
606
606
606
606
606
606
606
606
606
606
609
609
609
609
609
609
609
609
609
609
605
605
605
605
605
605
605
605
605
605
594
594
594
594
594
594
594
594
594
594
598
598
598
598
598
598
598
598
598
598
603
603
603
603
603
603
603
603
603
603
655
655
655
655
655
655
655
655
655
655
594
594
594
594
594
594
594
594
594
594
542
542
542
542
542
542
542
542
542
542
480
480
480
480
480
480
480
480
480
480
442
442
442
442
442
442
442
442
442
442
520
520
520
520
520
520
520
520
520
520
534
534
534
534
534
534
534
534
534
534
497
497
497
497
497
497
497
497
497
497
536
536
536
536
536
536
536
536
536
536
552
552
552
552
552
552
552
552
552
552
620
620
620
620
620
620
620
620
620
620
618
618
618
618
618
618
618
618
618
618
572
572
572
572
572
572
572
572
572
572
597
597
597
597
597
597
597
597
597
597
634
634
634
634
634
634
634
634
634
634
681
681
681
681
681
681
681
681
681
681
855
855
855
855
855
855
855
855
855
855
821
821
821
821
821
821
821
821
821
821
823
823
823
823
823
823
823
823
823
823
802
802
802
802
802
802
802
802
802
802
677
677
677
677
677
677
677
677
677
677
572
572
572
572
572
572
572
572
572
572
468
468
468
468
468
468
468
468
468
468
259
259
259
259
259
259
259
259
259
259
213
213
213
213
213
213
213
213
213
213
188
188
188
188
188
188
188
188
188
188
172
172
172
172
172
172
172
172
172
172
182
182
182
182
182
182
182
182
182
182
180
180
180
180
180
180
180
180
180
180
195
195
195
195
195
195
195
195
195
195
188
188
188
188
188
188
188
188
188
188
275
275
275
275
275
275
275
275
275
275
296
296
296
296
296
296
296
296
296
296
245
245
245
245
245
245
245
245
245
245
236
236
236
236
236
236
236
236
236
236
224
224
224
224
224
224
224
224
224
224
211
211
211
211
211
211
211
211
211
211
203
203
203
203
203
203
203
203
203
203
155
155
155
155
155
155
155
155
155
155
154
154
154
154
154
154
154
154
154
154
187
187
187
187
187
187
187
187
187
187
201
201
201
201
201
201
201
201
201
201
319
319
319
319
319
319
319
319
319
319
348
348
348
348
348
348
348
348
348
348
383
383
383
383
383
383
383
383
383
383
358
358
358
358
358
358
358
358
358
358
347
347
347
347
347
347
347
347
347
347
430
430
430
430
430
430
430
430
430
430
452
452
452
452
452
452
452
452
452
452
381
381
381
381
381
381
381
381
381
381
400
400
400
400
400
400
400
400
400
400
369
369
369
369
369
369
369
369
369
369
405
405
405
405
405
405
405
405
405
405
420
420
420
420
420
420
420
420
420
420
338
338
338
338
338
338
338
338
338
338
331
331
331
331
331
331
331
331
331
331
331
331
331
331
331
331
331
331
331
331
307
307
307
307
307
307
307
307
307
307
313
313
313
313
313
313
313
313
313
313
266
266
266
266
266
266
266
266
266
266
228
228
228
228
228
228
228
228
228
228
210
210
210
210
210
210
210
210
210
210
183
183
183
183
183
183
183
183
183
183
165
165
165
165
165
165
165
165
165
165
137
137
137
137
137
137
137
137
137
137
133
133
133
133
133
133
133
133
133
133
132
132
132
132
132
132
132
132
132
132
132
132
132
132
132
132
132
132
132
132
138
138
138
138
138
138
138
138
138
138
127
127
127
127
127
127
127
127
127
127
108
108
108
108
108
108
108
108
108
108
106
106
106
106
106
106
106
106
106
106
100
100
100
100
100
100
100
100
100
100
100
100
100
100
100
100
100
100
100
100
100
100
100
100
100
100
100
100
100
100
100
100
100
100
100
100
100
100
100
100
100
100
100
100
100
100
100
100
100
100
100
100
100
100
100
100
100
100
100
100
100
100
100
100
100
100
100
100
100
100
100
100
100
100
100
100
100
100
100
100
100
100
100
100
100
100
100
100
100
100
100
100
100
100
100
100
100
100
100
100
100
100
100
100
100
100
100
100
100
100
100
100
100
100
100
100
100
100
100
100
100
100
100
100
100
100
100
100
100
100
100
100
100
100
100
100
100
100
100
100
100
100
100
100
100
100
100
100
100
100
100
100
100
100
100
100
100
100
100
100
100
100
100
100
100
100
100
100
100
100
100
100
100
100
100
100
100
100
100
100
100
100
100
100
100
100
100
100
100
100
100
100
100
100
100
100
100
100
100
100
100
100
100
100
100
100
100
100
100
100
100
100
100
100
100
100
100
100
100
100
100
100
100
100
100
100
100
100
100
100
100
100
100
100
100
100
100
100
100
100
100
100
100
100
100
100
100
100
100
100
100
100
100
100
100
100
100
100
100
100
100
100
100
100
100
100
100
100
100
100
100
100
100
100
100
100
100
100
100
100
100
100
100
100
100
100
100
100
100
100
100
100
100
100
100
100
100
100
100
100
100
100
100
100
100
100
100
100
100
100
100
100
100
100
100
100
100
100
100
100
100
100
100
100
100
100
100
100
100
100
100
100
100
100
100
100
100
100
100
100
100
100
100
100
100
100
100
100
100
100
100
100
100
100
100
100
100
100
100
100
100
100
100
100
100
100
100
100
100
100
100
100
100
100
100
100
100
100
100
100
100
100
100
100
100
100
100
100
100
100
102
102
102
102
102
102
102
102
102
102
141
141
141
141
141
141
141
141
141
141
100
100
100
100
100
100
100
100
100
100
100
100
100
100
100
100
100
100
100
100
103
103
103
103
103
103
103
103
103
103
117
117
117
117
117
117
117
117
117
117
121
121
121
121
121
121
121
121
121
121
110
110
110
110
110
110
110
110
110
110
100
100
100
100
100
100
100
100
100
100
100
100
100
100
100
100
100
100
100
100
100
100
100
100
100
100
100
100
100
100
100
100
100
100
100
100
100
100
100
100
100
100
100
100
100
100
100
100
100
100
100
100
100
100
100
100
100
100
100
100
100
100
100
100
100
100
100
100
100
100
100
100
100
100
100
100
100
100
100
100
100
100
100
100
100
100
100
100
100
100
100
100
100
100
100
100
100
100
100
100
100
100
100
100
100
100
100
100
100
100
100
100
100
100
100
100
100
100
100
100
100
100
100
100
100
100
100
100
100
100
100
100
100
100
100
100
100
100
100
100
100
100
100
100
100
100
100
100
100
100
100
100
100
100
100
100
100
100
100
100
100
100
100
100
100
100
100
100
100
100
100
100
100
100
100
100
100
100
100
100
100
100
100
100
100
100
100
100
100
100
100
100
100
100
100
100
100
100
100
100
