100
100
100
100
100
100
100
100
100
100
100
100
100
100
100
100
100
100
100
100
100
100
100
100
100
100
100
100
100
100
100
100
100
100
100
100
100
100
100
100
100
100
100
100
100
100
100
100
100
100
100
100
100
100
100
100
100
100
100
100
100
100
100
100
100
100
100
100
100
100
100
100
100
100
100
100
100
100
100
100
100
100
100
100
100
100
100
100
100
100
100
100
100
100
100
100
100
100
100
100
100
100
100
100
100
100
100
100
100
100
100
100
100
100
100
100
100
100
100
100
100
100
100
100
100
100
100
100
100
100
100
100
100
100
100
100
100
100
100
100
100
100
100
100
100
100
100
100
100
100
100
100
100
100
100
100
100
100
100
100
100
100
100
100
100
100
100
100
100
100
100
100
100
100
100
100
100
100
100
100
100
100
100
100
100
100
100
100
100
100
100
100
100
100
100
100
100
100
100
100
100
100
100
100
100
100
100
100
100
100
100
100
100
100
100
100
100
100
100
100
100
100
100
100
100
100
100
100
100
100
100
100
100
100
100
100
100
100
100
100
100
100
100
100
100
100
100
100
100
100
100
100
100
100
100
100
100
100
100
100
100
100
100
100
100
100
100
100
100
100
100
100
100
100
100
100
100
100
100
100
100
100
100
100
100
100
100
100
100
100
100
100
100
100
100
100
100
100
100
100
100
100
100
100
100
100
100
100
100
100
100
100
100
100
100
100
100
100
100
100
100
100
100
100
100
100
100
100
100
100
100
100
100
100
100
100
100
100
100
100
100
100
100
100
100
100
100
100
100
100
100
100
100
100
100
100
100
100
100
100
547
547
547
547
547
547
547
547
547
547
547
547
314
314
314
314
314
314
314
314
314
314
314
314
292
292
292
292
292
292
292
292
292
292
292
292
508
508
508
508
508
508
508
508
508
508
508
508
208
208
208
208
208
208
208
208
208
208
208
208
508
508
508
508
508
508
508
508
508
508
508
508
658
658
658
658
658
658
658
658
658
658
658
658
870
870
870
870
870
870
870
870
870
870
870
870
570
570
570
570
570
570
570
570
570
570
570
570
270
270
270
270
270
270
270
270
270
270
270
270
570
570
570
570
570
570
570
570
570
570
570
570
395
395
395
395
395
395
395
395
395
395
395
395
695
695
695
695
695
695
695
695
695
695
695
695
395
395
395
395
395
395
395
395
395
395
395
395
695
695
695
695
695
695
695
695
695
695
695
695
395
395
395
395
395
395
395
395
395
395
395
395
695
695
695
695
695
695
695
695
695
695
695
695
395
395
395
395
395
395
395
395
395
395
395
395
212
212
212
212
212
212
212
212
212
212
212
212
512
512
512
512
512
512
512
512
512
512
512
512
638
638
638
638
638
638
638
638
638
638
638
638
625
625
625
625
625
625
625
625
625
625
625
625
325
325
325
325
325
325
325
325
325
325
325
325
527
527
527
527
527
527
527
527
527
527
527
527
457
457
457
457
457
457
457
457
457
457
457
457
582
582
582
582
582
582
582
582
582
582
582
582
692
692
692
692
692
692
692
692
692
692
692
692
392
392
392
392
392
392
392
392
392
392
392
392
692
692
692
692
692
692
692
692
692
692
692
692
747
747
747
747
747
747
747
747
747
747
747
747
493
493
493
493
493
493
493
493
493
493
493
493
245
245
245
245
245
245
245
245
245
245
245
245
286
286
286
286
286
286
286
286
286
286
286
286
312
312
312
312
312
312
312
312
312
312
312
312
612
612
612
612
612
612
612
612
612
612
612
612
312
312
312
312
312
312
312
312
312
312
312
312
342
342
342
342
342
342
342
342
342
342
342
342
642
642
642
642
642
642
642
642
642
642
642
642
478
478
478
478
478
478
478
478
478
478
478
478
204
204
204
204
204
204
204
204
204
204
204
204
504
504
504
504
504
504
504
504
504
504
504
504
804
804
804
804
804
804
804
804
804
804
804
804
504
504
504
504
504
504
504
504
504
504
504
504
804
804
804
804
804
804
804
804
804
804
804
804
649
649
649
649
649
649
649
649
649
649
649
649
426
426
426
426
426
426
426
426
426
426
426
426
625
625
625
625
625
625
625
625
625
625
625
625
408
408
408
408
408
408
408
408
408
408
408
408
283
283
283
283
283
283
283
283
283
283
283
283
583
583
583
583
583
583
583
583
583
583
583
583
769
769
769
769
769
769
769
769
769
769
769
769
731
731
731
731
731
731
731
731
731
731
731
731
631
631
631
631
631
631
631
631
631
631
631
631
867
867
867
867
867
867
867
867
867
867
867
867
567
567
567
567
567
567
567
567
567
567
567
567
744
744
744
744
744
744
744
744
744
744
744
744
444
444
444
444
444
444
444
444
444
444
444
444
694
694
694
694
694
694
694
694
694
694
694
694
992
992
992
992
992
992
992
992
992
992
992
992
955
955
955
955
955
955
955
955
955
955
955
955
655
655
655
655
655
655
655
655
655
655
655
655
355
355
355
355
355
355
355
355
355
355
355
355
655
655
655
655
655
655
655
655
655
655
655
655
581
581
581
581
581
581
581
581
581
581
581
581
558
558
558
558
558
558
558
558
558
558
558
558
311
311
311
311
311
311
311
311
311
311
311
311
611
611
611
611
611
611
611
611
611
611
611
611
517
517
517
517
517
517
517
517
517
517
517
517
472
472
472
472
472
472
472
472
472
472
472
472
174
174
174
174
174
174
174
174
174
174
174
174
474
474
474
474
474
474
474
474
474
474
474
474
174
174
174
174
174
174
174
174
174
174
174
174
474
474
474
474
474
474
474
474
474
474
474
474
174
174
174
174
174
174
174
174
174
174
174
174
474
474
474
474
474
474
474
474
474
474
474
474
196
196
196
196
196
196
196
196
196
196
196
196
496
496
496
496
496
496
496
496
496
496
496
496
432
432
432
432
432
432
432
432
432
432
432
432
639
639
639
639
639
639
639
639
639
639
639
639
753
753
753
753
753
753
753
753
753
753
753
753
453
453
453
453
453
453
453
453
453
453
453
453
753
753
753
753
753
753
753
753
753
753
753
753
453
453
453
453
453
453
453
453
453
453
453
453
753
753
753
753
753
753
753
753
753
753
753
753
540
540
540
540
540
540
540
540
540
540
540
540
669
669
669
669
669
669
669
669
669
669
669
669
369
369
369
369
369
369
369
369
369
369
369
369
644
644
644
644
644
644
644
644
644
644
644
644
665
665
665
665
665
665
665
665
665
665
665
665
727
727
727
727
727
727
727
727
727
727
727
727
812
812
812
812
812
812
812
812
812
812
812
812
969
969
969
969
969
969
969
969
969
969
969
969
669
669
669
669
669
669
669
669
669
669
669
669
369
369
369
369
369
369
369
369
369
369
369
369
577
577
577
577
577
577
577
577
577
577
577
577
478
478
478
478
478
478
478
478
478
478
478
478
778
778
778
778
778
778
778
778
778
778
778
778
478
478
478
478
478
478
478
478
478
478
478
478
190
190
190
190
190
190
190
190
190
190
190
190
490
490
490
490
490
490
490
490
490
490
490
490
276
276
276
276
276
276
276
276
276
276
276
276
576
576
576
576
576
576
576
576
576
576
576
576
596
596
596
596
596
596
596
596
596
596
596
596
411
411
411
411
411
411
411
411
411
411
411
411
191
191
191
191
191
191
191
191
191
191
191
191
491
491
491
491
491
491
491
491
491
491
491
491
284
284
284
284
284
284
284
284
284
284
284
284
352
352
352
352
352
352
352
352
352
352
352
352
467
467
467
467
467
467
467
467
467
467
467
467
630
630
630
630
630
630
630
630
630
630
630
630
859
859
859
859
859
859
859
859
859
859
859
859
559
559
559
559
559
559
559
559
559
559
559
559
662
662
662
662
662
662
662
662
662
662
662
662
362
362
362
362
362
362
362
362
362
362
362
362
465
465
465
465
465
465
465
465
465
465
465
465
765
765
765
765
765
765
765
765
765
765
765
765
938
938
938
938
938
938
938
938
938
938
938
938
638
638
638
638
638
638
638
638
638
638
638
638
678
678
678
678
678
678
678
678
678
678
678
678
378
378
378
378
378
378
378
378
378
378
378
378
678
678
678
678
678
678
678
678
678
678
678
678
976
976
976
976
976
976
976
976
976
976
976
976
798
798
798
798
798
798
798
798
798
798
798
798
498
498
498
498
498
498
498
498
498
498
498
498
668
668
668
668
668
668
668
668
668
668
668
668
613
613
613
613
613
613
613
613
613
613
613
613
658
658
658
658
658
658
658
658
658
658
658
658
358
358
358
358
358
358
358
358
358
358
358
358
658
658
658
658
658
658
658
658
658
658
658
658
387
387
387
387
387
387
387
387
387
387
387
387
360
360
360
360
360
360
360
360
360
360
360
360
660
660
660
660
660
660
660
660
660
660
660
660
785
785
785
785
785
785
785
785
785
785
785
785
723
723
723
723
723
723
723
723
723
723
723
723
423
423
423
423
423
423
423
423
423
423
423
423
693
693
693
693
693
693
693
693
693
693
693
693
393
393
393
393
393
393
393
393
393
393
393
393
693
693
693
693
693
693
693
693
693
693
693
693
684
684
684
684
684
684
684
684
684
684
684
684
384
384
384
384
384
384
384
384
384
384
384
384
684
684
684
684
684
684
684
684
684
684
684
684
384
384
384
384
384
384
384
384
384
384
384
384
570
570
570
570
570
570
570
570
570
570
570
570
870
870
870
870
870
870
870
870
870
870
870
870
775
775
775
775
775
775
775
775
775
775
775
775
475
475
475
475
475
475
475
475
475
475
475
475
775
775
775
775
775
775
775
775
775
775
775
775
941
941
941
941
941
941
941
941
941
941
941
941
990
990
990
990
990
990
990
990
990
990
990
990
690
690
690
690
690
690
690
690
690
690
690
690
815
815
815
815
815
815
815
815
815
815
815
815
613
613
613
613
613
613
613
613
613
613
613
613
913
913
913
913
913
913
913
913
913
913
913
913
709
709
709
709
709
709
709
709
709
709
709
709
409
409
409
409
409
409
409
409
409
409
409
409
405
405
405
405
405
405
405
405
405
405
405
405
156
156
156
156
156
156
156
156
156
156
156
156
346
346
346
346
346
346
346
346
346
346
346
346
258
258
258
258
258
258
258
258
258
258
258
258
163
163
163
163
163
163
163
163
163
163
163
163
404
404
404
404
404
404
404
404
404
404
404
404
647
647
647
647
647
647
647
647
647
647
647
647
347
347
347
347
347
347
347
347
347
347
347
347
647
647
647
647
647
647
647
647
647
647
647
647
405
405
405
405
405
405
405
405
405
405
405
405
705
705
705
705
705
705
705
705
705
705
705
705
405
405
405
405
405
405
405
405
405
405
405
405
705
705
705
705
705
705
705
705
705
705
705
705
700
700
700
700
700
700
700
700
700
700
700
700
998
998
998
998
998
998
998
998
998
998
998
998
698
698
698
698
698
698
698
698
698
698
698
698
984
984
984
984
984
984
984
984
984
984
984
984
860
860
860
860
860
860
860
860
860
860
860
860
560
560
560
560
560
560
560
560
560
560
560
560
686
686
686
686
686
686
686
686
686
686
686
686
386
386
386
386
386
386
386
386
386
386
386
386
686
686
686
686
686
686
686
686
686
686
686
686
773
773
773
773
773
773
773
773
773
773
773
773
620
620
620
620
620
620
620
620
620
620
620
620
361
361
361
361
361
361
361
361
361
361
361
361
341
341
341
341
341
341
341
341
341
341
341
341
139
139
139
139
139
139
139
139
139
139
139
139
439
439
439
439
439
439
439
439
439
439
439
439
315
315
315
315
315
315
315
315
315
315
315
315
615
615
615
615
615
615
615
615
615
615
615
615
394
394
394
394
394
394
394
394
394
394
394
394
362
362
362
362
362
362
362
362
362
362
362
362
573
573
573
573
573
573
573
573
573
573
573
573
700
700
700
700
700
700
700
700
700
700
700
700
400
400
400
400
400
400
400
400
400
400
400
400
170
170
170
170
170
170
170
170
170
170
170
170
384
384
384
384
384
384
384
384
384
384
384
384
684
684
684
684
684
684
684
684
684
684
684
684
852
852
852
852
852
852
852
852
852
852
852
852
878
878
878
878
878
878
878
878
878
878
878
878
625
625
625
625
625
625
625
625
625
625
625
625
469
469
469
469
469
469
469
469
469
469
469
469
472
472
472
472
472
472
472
472
472
472
472
472
265
265
265
265
265
265
265
265
265
265
265
265
276
276
276
276
276
276
276
276
276
276
276
276
576
576
576
576
576
576
576
576
576
576
576
576
276
276
276
276
276
276
276
276
276
276
276
276
244
244
244
244
244
244
244
244
244
244
244
244
544
544
544
544
544
544
544
544
544
544
544
544
844
844
844
844
844
844
844
844
844
844
844
844
647
647
647
647
647
647
647
647
647
647
647
647
347
347
347
347
347
347
347
347
347
347
347
347
486
486
486
486
486
486
486
486
486
486
486
486
786
786
786
786
786
786
786
786
786
786
786
786
904
904
904
904
904
904
904
904
904
904
904
904
866
866
866
866
866
866
866
866
866
866
866
866
947
947
947
947
947
947
947
947
947
947
947
947
647
647
647
647
647
647
647
647
647
647
647
647
357
357
357
357
357
357
357
357
357
357
357
357
558
558
558
558
558
558
558
558
558
558
558
558
858
858
858
858
858
858
858
858
858
858
858
858
558
558
558
558
558
558
558
558
558
558
558
558
743
743
743
743
743
743
743
743
743
743
743
743
443
443
443
443
443
443
443
443
443
443
443
443
554
554
554
554
554
554
554
554
554
554
554
554
727
727
727
727
727
727
727
727
727
727
727
727
958
958
958
958
958
958
958
958
958
958
958
958
705
705
705
705
705
705
705
705
705
705
705
705
909
909
909
909
909
909
909
909
909
909
909
909
609
609
609
609
609
609
609
609
609
609
609
609
668
668
668
668
668
668
668
668
668
668
668
668
558
558
558
558
558
558
558
558
558
558
558
558
432
432
432
432
432
432
432
432
432
432
432
432
732
732
732
732
732
732
732
732
732
732
732
732
432
432
432
432
432
432
432
432
432
432
432
432
555
555
555
555
555
555
555
555
555
555
555
555
255
255
255
255
255
255
255
255
255
255
255
255
162
162
162
162
162
162
162
162
162
162
162
162
462
462
462
462
462
462
462
462
462
462
462
462
556
556
556
556
556
556
556
556
556
556
556
556
494
494
494
494
494
494
494
494
494
494
494
494
379
379
379
379
379
379
379
379
379
379
379
379
679
679
679
679
679
679
679
679
679
679
679
679
379
379
379
379
379
379
379
379
379
379
379
379
460
460
460
460
460
460
460
460
460
460
460
460
479
479
479
479
479
479
479
479
479
479
479
479
779
779
779
779
779
779
779
779
779
779
779
779
479
479
479
479
479
479
479
479
479
479
479
479
294
294
294
294
294
294
294
294
294
294
294
294
140
140
140
140
140
140
140
140
140
140
140
140
291
291
291
291
291
291
291
291
291
291
291
291
591
591
591
591
591
591
591
591
591
591
591
591
447
447
447
447
447
447
447
447
447
447
447
447
747
747
747
747
747
747
747
747
747
747
747
747
693
693
693
693
693
693
693
693
693
693
693
693
393
393
393
393
393
393
393
393
393
393
393
393
693
693
693
693
693
693
693
693
693
693
693
693
542
542
542
542
542
542
542
542
542
542
542
542
803
803
803
803
803
803
803
803
803
803
803
803
783
783
783
783
783
783
783
783
783
783
783
783
709
709
709
709
709
709
709
709
709
709
709
709
701
701
701
701
701
701
701
701
701
701
701
701
766
766
766
766
766
766
766
766
766
766
766
766
466
466
466
466
466
466
466
466
466
466
466
466
766
766
766
766
766
766
766
766
766
766
766
766
601
601
601
601
601
601
601
601
601
601
601
601
799
799
799
799
799
799
799
799
799
799
799
799
499
499
499
499
499
499
499
499
499
499
499
499
641
641
641
641
641
641
641
641
641
641
641
641
893
893
893
893
893
893
893
893
893
893
893
893
593
593
593
593
593
593
593
593
593
593
593
593
389
389
389
389
389
389
389
389
389
389
389
389
517
517
517
517
517
517
517
517
517
517
517
517
376
376
376
376
376
376
376
376
376
376
376
376
335
335
335
335
335
335
335
335
335
335
335
335
596
596
596
596
596
596
596
596
596
596
596
596
770
770
770
770
770
770
770
770
770
770
770
770
585
585
585
585
585
585
585
585
585
585
585
585
885
885
885
885
885
885
885
885
885
885
885
885
880
880
880
880
880
880
880
880
880
880
880
880
585
585
585
585
585
585
585
585
585
585
585
585
519
519
519
519
519
519
519
519
519
519
519
519
219
219
219
219
219
219
219
219
219
219
219
219
280
280
280
280
280
280
280
280
280
280
280
280
162
162
162
162
162
162
162
162
162
162
162
162
462
462
462
462
462
462
462
462
462
462
462
462
162
162
162
162
162
162
162
162
162
162
162
162
449
449
449
449
449
449
449
449
449
449
449
449
214
214
214
214
214
214
214
214
214
214
214
214
234
234
234
234
234
234
234
234
234
234
234
234
534
534
534
534
534
534
534
534
534
534
534
534
784
784
784
784
784
784
784
784
784
784
784
784
484
484
484
484
484
484
484
484
484
484
484
484
592
592
592
592
592
592
592
592
592
592
592
592
670
670
670
670
670
670
670
670
670
670
670
670
662
662
662
662
662
662
662
662
662
662
662
662
362
362
362
362
362
362
362
362
362
362
362
362
471
471
471
471
471
471
471
471
471
471
471
471
676
676
676
676
676
676
676
676
676
676
676
676
502
502
502
502
502
502
502
502
502
502
502
502
689
689
689
689
689
689
689
689
689
689
689
689
904
904
904
904
904
904
904
904
904
904
904
904
740
740
740
740
740
740
740
740
740
740
740
740
753
753
753
753
753
753
753
753
753
753
753
753
653
653
653
653
653
653
653
653
653
653
653
653
